     0/199     1.67G   0.09742   0.02899   0.08055     0.207        28       640         0         0         0         0   0.08478   0.02745   0.07981
     1/199     7.89G   0.09033   0.02655   0.08002    0.1969        23       640         0         0         0         0   0.08342   0.02614   0.07965
     2/199      8.1G    0.0885   0.02589   0.07973    0.1941        24       640         0         0         0         0   0.08275   0.02568   0.07947
     3/199      8.1G   0.08764   0.02514   0.07951    0.1923        29       640         0         0         0         0   0.08241   0.02508   0.07941
     4/199      8.1G   0.08703    0.0253   0.07933    0.1917        24       640         0         0         0         0   0.08122   0.02546   0.07923
     5/199      8.1G   0.08373   0.02582   0.07916    0.1887        28       640         0         0         0         0   0.07751   0.02612   0.07922
     6/199      8.1G   0.08038   0.02788   0.07905    0.1873        28       640         0         0         0         0   0.07086   0.02752   0.07922
     7/199      8.1G   0.07663   0.02748   0.07895    0.1831        25       640 0.0006127  0.002604 4.385e-05 4.385e-06   0.06969   0.02679   0.07922
     8/199      8.1G   0.07109   0.02718   0.07891    0.1772        22       640  0.001741    0.3442  0.001318 0.0002347   0.06945    0.0274   0.08007
     9/199      8.1G   0.06594   0.02641   0.07871    0.1711        25       640    0.2001   0.05113   0.01732  0.006255   0.05896   0.02899   0.07916
    10/199      8.1G   0.06318   0.02405   0.07831    0.1655        28       640  0.003952   0.05255  0.002546 0.0005563   0.07723   0.02844    0.0824
    11/199      8.1G   0.06096   0.02298   0.07802     0.162        38       640   0.01789   0.03966   0.01128  0.004562   0.06448   0.02394   0.07864
    12/199      8.1G   0.05983   0.02164   0.07764    0.1591        33       640   0.02803    0.3056   0.03328   0.01025   0.04894   0.02008   0.07753
    13/199      8.1G    0.0568   0.02012   0.07739    0.1543        20       640   0.03352    0.2416   0.03912   0.01358   0.05191   0.01977   0.07743
    14/199      8.1G   0.05747   0.01966     0.077    0.1541        27       640   0.05976      0.16    0.0577   0.02266   0.04938   0.01782   0.07643
    15/199      8.1G   0.05254   0.01788   0.07649    0.1469        24       640    0.1134    0.1584   0.06559   0.02983   0.04442   0.01992   0.07598
    16/199      8.1G   0.05121   0.01661   0.07574    0.1436        31       640   0.07107    0.2427   0.08497   0.03693   0.04423   0.01516   0.07481
    17/199      8.1G   0.04805   0.01564   0.07499    0.1387        29       640   0.07974    0.2952   0.07899   0.03609   0.04179   0.01448   0.07444
    18/199      8.1G   0.04548   0.01482   0.07432    0.1346        26       640   0.08702    0.3488    0.1088   0.05894   0.03987   0.01345   0.07326
    19/199      8.1G    0.0446   0.01427   0.07371    0.1326        20       640   0.09279      0.39    0.1206   0.06483   0.03687    0.0134   0.07276
    20/199      8.1G   0.04362   0.01356   0.07313    0.1303        20       640    0.1526    0.3134    0.1289   0.07523   0.03483   0.01191   0.07172
    21/199      8.1G   0.04101   0.01283   0.07247    0.1263        19       640    0.1561    0.3412     0.138   0.06697   0.03663   0.01291   0.07152
    22/199      8.1G   0.04124   0.01259   0.07171    0.1255        26       640   0.09747    0.4057    0.1233   0.06923    0.0399    0.0133   0.07147
    23/199      8.1G   0.04045   0.01261   0.07159    0.1247        25       640    0.2161    0.3618    0.1863    0.1052   0.03357   0.01128    0.0702
    24/199      8.1G   0.03881   0.01163   0.07023    0.1207        25       640     0.176      0.37    0.1789    0.1046   0.03148   0.01082   0.06878
    25/199      8.1G   0.03751   0.01205    0.0699    0.1195        24       640    0.1922    0.4085    0.1925    0.1144    0.0328   0.01052   0.06844
    26/199      8.1G   0.03709   0.01167   0.06905    0.1178        34       640    0.1618     0.523    0.1828    0.1088    0.0309   0.01029   0.06845
    27/199      8.1G   0.03759   0.01112   0.06798    0.1167        28       640    0.1803    0.4166    0.2108    0.1243   0.03125   0.01062   0.06658
    28/199      8.1G   0.03658   0.01129   0.06747    0.1153        22       640    0.1823    0.4278    0.2106    0.1339   0.03019   0.01006   0.06607
    29/199      8.1G   0.03579   0.01082   0.06674    0.1133        23       640    0.1877    0.4412    0.2219    0.1369   0.03032  0.009612   0.06505
    30/199      8.1G   0.03538   0.01056   0.06636    0.1123        25       640    0.2575    0.4684    0.2364    0.1486   0.03014  0.009977   0.06475
    31/199      8.1G    0.0326   0.01028   0.06619    0.1091        27       640    0.1918    0.5645    0.2412     0.154   0.02841  0.009439   0.06382
    32/199      8.1G    0.0357   0.01026   0.06568    0.1116        21       640    0.2059    0.6001      0.28     0.167   0.03095  0.009303    0.0631
    33/199      8.1G   0.03522   0.01036   0.06539     0.111        33       640    0.2122    0.5428    0.2838    0.1815   0.02844  0.009345   0.06241
    34/199      8.1G   0.03294   0.01017   0.06449    0.1076        33       640    0.2218    0.4874    0.3021     0.194   0.02756  0.009737    0.0616
    35/199      8.1G   0.03273   0.01022   0.06353    0.1065        23       640    0.2752     0.527    0.3324    0.2153   0.02769    0.0091   0.06065
    36/199      8.1G   0.03412  0.009898   0.06283    0.1068        29       640    0.2392    0.4917    0.3181    0.2103   0.02708  0.009083   0.06027
    37/199      8.1G   0.03275  0.009818    0.0624     0.105        25       640    0.2195    0.5074    0.3164    0.2052   0.02816   0.00913   0.06014
    38/199      8.1G   0.03266  0.009717   0.06088    0.1033        22       640     0.199    0.5409    0.3042    0.1972   0.02836   0.01051    0.0594
    39/199      8.1G   0.03215  0.009462   0.06065    0.1023        20       640    0.2411    0.5197    0.3659    0.2409   0.02745  0.008708   0.05898
    40/199      8.1G   0.03178  0.009593   0.05991    0.1013        29       640    0.2138    0.5262    0.3176    0.1979   0.03059  0.009983   0.05929
    41/199      8.1G   0.03193  0.009345   0.05914    0.1004        29       640    0.4373    0.3538    0.3912    0.2607   0.02775  0.008827   0.05684
    42/199      8.1G   0.03165  0.009741   0.05822   0.09961        23       640    0.2764    0.5407    0.3958    0.2546   0.02884  0.009307   0.05593
    43/199      8.1G   0.03171  0.009381   0.05708   0.09817        28       640     0.292    0.5325    0.4061    0.2681   0.02669   0.00859   0.05456
    44/199      8.1G   0.03184   0.00937   0.05681   0.09802        26       640    0.2804    0.5308    0.4031    0.2617   0.02699   0.00876   0.05417
    45/199      8.1G   0.03175  0.009265   0.05582   0.09683        21       640    0.2943    0.5542    0.4529    0.3065   0.02668  0.008616   0.05234
    46/199      8.1G    0.0303  0.009602   0.05481   0.09471        33       640    0.2958    0.6023    0.4485    0.3054   0.02632  0.008334   0.05153
    47/199      8.1G   0.03094  0.009058   0.05382   0.09381        26       640    0.3157    0.5615    0.4423    0.2899   0.02916  0.008801   0.05115
    48/199      8.1G   0.03219  0.009006   0.05318   0.09437        27       640    0.3251    0.6279    0.4776    0.3119   0.02737  0.008437   0.04954
    49/199      8.1G   0.03008  0.008991   0.05224   0.09131        27       640    0.3038    0.6673    0.4956    0.3262   0.02659  0.008655   0.04896
    50/199      8.1G   0.03189  0.009325   0.05125   0.09246        30       640    0.5247    0.4921    0.5067    0.3109   0.02868  0.008832   0.04791
    51/199      8.1G   0.02968  0.008875   0.05059   0.08914        32       640    0.4349    0.6204    0.5371    0.3551   0.02518  0.008297   0.04675
    52/199      8.1G   0.03064  0.008829   0.05014   0.08961        25       640      0.34    0.7047    0.5397    0.3467    0.0286  0.008401   0.04664
    53/199      8.1G   0.03123  0.008917   0.04896   0.08911        29       640     0.356    0.7061    0.5188    0.3406   0.02596   0.00833   0.04646
    54/199      8.1G    0.0308  0.008948   0.04754   0.08728        21       640    0.5296     0.541    0.5702    0.3808   0.02613  0.008382   0.04426
    55/199      8.1G   0.03041  0.008889   0.04678   0.08607        29       640    0.4627     0.638    0.5567    0.3548   0.02989  0.008313   0.04397
    56/199      8.1G    0.0298  0.008956   0.04728   0.08604        28       640     0.424    0.7008    0.5693    0.3879   0.02548  0.007904   0.04322
    57/199      8.1G   0.03086  0.008726   0.04514   0.08473        28       640    0.4667    0.6539    0.5589    0.3666   0.02594  0.008018   0.04283
    58/199      8.1G   0.03136  0.008926   0.04545   0.08573        25       640    0.4415    0.5991    0.5603    0.3678   0.02744  0.008858   0.04281
    59/199      8.1G   0.03006  0.008694    0.0439   0.08266        25       640    0.4449    0.6818    0.5947    0.3942    0.0259  0.008462   0.04169
    60/199      8.1G   0.02974  0.008701   0.04373   0.08217        31       640    0.3991    0.7535    0.5944    0.3804   0.02579  0.007882   0.04107
    61/199      8.1G    0.0297    0.0086   0.04335   0.08165        22       640    0.4167    0.7556    0.5997    0.3891   0.02674  0.008025   0.03995
    62/199      8.1G   0.03121  0.008778   0.04169   0.08167        23       640      0.44    0.7491    0.6273    0.4092   0.02618  0.007831   0.03907
    63/199      8.1G   0.02816  0.008114   0.04166   0.07793        30       640    0.4687    0.6721    0.6253     0.434   0.02565  0.007797   0.03848
    64/199      8.1G   0.03036  0.008918   0.04123   0.08051        25       640     0.455     0.738    0.6422    0.4091   0.02662  0.008049   0.03769
    65/199      8.1G   0.02892  0.008121   0.03952   0.07656        26       640    0.5066    0.6401     0.602     0.396    0.0267  0.008517   0.03855
    66/199      8.1G   0.03055  0.008727   0.04033   0.07961        29       640    0.6341    0.6121    0.6489    0.4387   0.02502  0.007836   0.03763
    67/199      8.1G   0.02989  0.008426   0.03964   0.07795        27       640    0.5703    0.6445     0.631    0.4296   0.02528  0.007713   0.03832
    68/199      8.1G    0.0299  0.008621   0.03955   0.07807        26       640     0.643    0.5475    0.5912    0.3869   0.02739  0.008483   0.03913
    69/199      8.1G   0.02742  0.008714   0.03783   0.07396        29       640    0.6415     0.601     0.676    0.4661   0.02409  0.007704   0.03534
    70/199      8.1G   0.02934  0.008339   0.03717   0.07485        28       640    0.5421     0.684    0.6557    0.4639   0.02395  0.007677    0.0352
    71/199      8.1G   0.02862  0.008219   0.03655   0.07339        31       640    0.7135    0.5413    0.6434    0.4389   0.02505  0.008254   0.03645
    72/199      8.1G   0.02918  0.008119   0.03684   0.07414        28       640    0.5012    0.6907    0.6261    0.4116   0.02579  0.008121   0.03623
    73/199      8.1G   0.02782  0.008229   0.03676   0.07282        22       640    0.6795    0.6072    0.6678    0.4544   0.02514  0.007761   0.03492
    74/199      8.1G   0.02953  0.008319   0.03698   0.07482        24       640    0.5312    0.6985    0.6661    0.4487   0.02552  0.008252   0.03431
    75/199      8.1G   0.02965  0.008277   0.03479   0.07272        18       640    0.6401    0.6406    0.6981    0.4753   0.02489  0.007896   0.03341
    76/199      8.1G   0.02873  0.008187   0.03479   0.07171        28       640    0.5589    0.6894    0.6598    0.4506    0.0255  0.008255   0.03473
    77/199      8.1G   0.02901  0.008364   0.03423    0.0716        22       640    0.6514    0.6427    0.6988    0.4875   0.02533  0.007651   0.03314
    78/199      8.1G   0.02828  0.008274   0.03332   0.06987        26       640    0.7021    0.6659    0.7183    0.4883   0.02439  0.007773   0.03172
    79/199      8.1G   0.02849  0.008296   0.03329   0.07008        32       640    0.6184    0.6868    0.7106    0.4846   0.02567  0.007953   0.03216
    80/199      8.1G   0.02862  0.008197   0.03163   0.06845        30       640    0.6155    0.7176    0.7217    0.5025   0.02451  0.007555   0.03157
    81/199      8.1G   0.02775  0.007976   0.03081   0.06653        33       640    0.7053     0.634    0.6959    0.4788   0.02469  0.007699   0.03223
    82/199      8.1G   0.02825  0.008036   0.03189   0.06817        28       640    0.6219    0.7326    0.7182    0.4932   0.02478  0.008187   0.03118
    83/199      8.1G   0.02683  0.008013   0.03091   0.06576        32       640    0.6619    0.7478    0.7389    0.5168   0.02428  0.007635    0.0299
    84/199      8.1G   0.02783  0.008276   0.03113   0.06723        31       640    0.6423    0.7373    0.7415    0.5127   0.02461  0.007665   0.03023
    85/199      8.1G   0.02667  0.007908   0.02969   0.06427        23       640    0.6458    0.7502    0.7399    0.5348   0.02339   0.00776    0.0302
    86/199      8.1G   0.02741  0.008196   0.03123   0.06684        24       640    0.7106    0.6629    0.7134    0.4986   0.02468  0.007705    0.0311
    87/199      8.1G   0.02786   0.00814    0.0288    0.0648        25       640    0.5665    0.7239    0.7055    0.4708   0.02585  0.008273   0.03126
    88/199      8.1G    0.0279  0.008125   0.02862   0.06465        32       640    0.6332    0.7365    0.7573    0.5314   0.02349   0.00746   0.02878
    89/199      8.1G   0.02688  0.007811   0.02904   0.06374        22       640    0.6445    0.7205    0.7303    0.5084   0.02398  0.007777   0.02945
    90/199      8.1G   0.02687  0.008081   0.02808   0.06303        24       640    0.7289    0.6846    0.7482    0.5243   0.02406  0.007816   0.02889
    91/199      8.1G   0.02743  0.008255   0.02803   0.06371        35       640    0.6363    0.7733    0.7626    0.5422   0.02297  0.007652   0.02795
    92/199      8.1G   0.02801  0.007962   0.02766   0.06364        26       640    0.6637    0.6839    0.7384    0.5248   0.02408   0.00774   0.02975
    93/199      8.1G   0.02787  0.007948    0.0267   0.06253        34       640    0.6147    0.7559    0.7462    0.5176   0.02403  0.007693   0.02887
    94/199      8.1G   0.02655  0.007703   0.02677   0.06102        34       640    0.6483     0.768    0.7593    0.5227   0.02434  0.007529   0.02746
    95/199      8.1G   0.02675  0.007876   0.02603   0.06066        29       640    0.6861    0.7254    0.7703    0.5539   0.02352  0.007704   0.02729
    96/199      8.1G   0.02687  0.007905   0.02575   0.06052        24       640    0.7107    0.6947    0.7648    0.5297   0.02382  0.007537   0.02823
    97/199      8.1G   0.02715  0.007709    0.0251   0.05996        28       640    0.6694    0.7207    0.7533    0.5234    0.0241  0.007726   0.02775
    98/199      8.1G   0.02694  0.007631    0.0243   0.05887        21       640    0.6889    0.7423    0.7753     0.539   0.02383  0.007426   0.02677
    99/199      8.1G   0.02677  0.007657   0.02521   0.05963        28       640    0.6823    0.7227    0.7539    0.5384   0.02329  0.007469   0.02724
   100/199      8.1G   0.02578  0.007941   0.02592   0.05965        30       640    0.7996    0.6789    0.7722    0.5493   0.02391   0.00773   0.02632
   101/199      8.1G   0.02548  0.007458    0.0246   0.05754        24       640     0.777    0.7002     0.778    0.5511   0.02324  0.007295   0.02733
   102/199      8.1G   0.02618  0.007799   0.02484   0.05882        27       640    0.6644    0.7621    0.7655    0.5369   0.02327  0.007516   0.02724
   103/199      8.1G    0.0259  0.007705   0.02326   0.05687        21       640    0.7972    0.6878     0.786    0.5617   0.02271  0.007692   0.02581
   104/199      8.1G   0.02578  0.007802   0.02403   0.05762        24       640    0.7001    0.7356    0.7669    0.5589   0.02272  0.007534   0.02639
   105/199      8.1G   0.02517  0.007553   0.02372   0.05645        32       640    0.6822     0.751    0.7698    0.5519   0.02267  0.007525   0.02722
   106/199      8.1G   0.02548  0.007662   0.02284   0.05598        28       640    0.7664    0.7278    0.7811     0.571   0.02221  0.007293   0.02508
   107/199      8.1G   0.02524  0.007699   0.02278   0.05571        30       640    0.8087    0.7257    0.8104     0.591   0.02274  0.007306   0.02357
   108/199      8.1G   0.02505  0.007643   0.02276   0.05546        26       640     0.721    0.7725     0.788    0.5651     0.023  0.007289   0.02547
   109/199      8.1G   0.02454   0.00738   0.02191   0.05383        32       640     0.705    0.7853    0.8002    0.5779    0.0225  0.007155   0.02467
   110/199      8.1G   0.02534  0.007314    0.0221   0.05476        23       640    0.7234    0.7491    0.7895    0.5802   0.02225  0.007212   0.02595
   111/199      8.1G   0.02478  0.007605   0.02135   0.05373        23       640     0.701    0.7642    0.7753    0.5605   0.02239  0.007324   0.02593
   112/199      8.1G   0.02456  0.007853   0.02087   0.05329        29       640    0.7797    0.7185    0.7904    0.5768   0.02195  0.007269   0.02627
   113/199      8.1G   0.02502  0.007644   0.02116   0.05382        32       640    0.6839    0.8087    0.8035    0.5848   0.02205  0.007196   0.02482
   114/199      8.1G   0.02531   0.00744   0.02022   0.05296        24       640    0.7209    0.7649    0.8019    0.5967   0.02211  0.007184   0.02508
   115/199      8.1G   0.02464   0.00746   0.02022   0.05232        21       640    0.7046     0.783    0.8086    0.5851   0.02258  0.007267   0.02463
   116/199      8.1G   0.02466  0.007542   0.02045   0.05266        24       640    0.7716    0.7581    0.8068    0.5863   0.02241  0.007192   0.02343
   117/199      8.1G   0.02394  0.007532   0.01978   0.05125        29       640    0.6891    0.8238    0.8113    0.5925   0.02157    0.0071   0.02405
   118/199      8.1G   0.02407  0.007237    0.0195    0.0508        20       640    0.6942    0.7309     0.782    0.5699   0.02243  0.007281   0.02619
   119/199      8.1G     0.025  0.007325    0.0199   0.05222        29       640    0.7603    0.7533    0.8204    0.6033   0.02178  0.007141   0.02334
   120/199      8.1G   0.02395  0.007294   0.01937   0.05061        25       640    0.7452    0.8157    0.8176    0.5987   0.02194  0.007293   0.02432
   121/199      8.1G   0.02375  0.007521   0.01848   0.04974        23       640    0.7066    0.8061    0.8014    0.5869   0.02264   0.00741   0.02387
   122/199      8.1G   0.02446  0.007279   0.01817   0.04991        24       640    0.6979    0.7282    0.7879    0.5791   0.02151  0.007151   0.02589
   123/199      8.1G   0.02352  0.007293   0.01793   0.04875        35       640    0.7214    0.7581     0.782    0.5773   0.02183    0.0072   0.02476
   124/199      8.1G   0.02375  0.007081   0.01724   0.04807        21       640    0.7338    0.7932    0.8119    0.5945   0.02213  0.007224   0.02382
   125/199      8.1G   0.02369  0.007145   0.01782   0.04866        20       640    0.7449    0.7904    0.8196    0.5969   0.02218  0.007177   0.02291
   126/199      8.1G   0.02332  0.007136   0.01703   0.04748        28       640    0.7694    0.7939    0.8334    0.6185    0.0215   0.00703   0.02249
   127/199      8.1G   0.02331  0.007239   0.01667   0.04722        32       640    0.7453     0.814    0.8262    0.6128    0.0217  0.007183   0.02252
   128/199      8.1G   0.02258  0.006964   0.01605   0.04559        22       640    0.7682    0.8306    0.8376    0.6286   0.02129  0.007046   0.02144
   129/199      8.1G   0.02359  0.007129   0.01663   0.04735        28       640    0.7324    0.7662    0.8088    0.5918   0.02172  0.007062   0.02349
   130/199      8.1G   0.02338  0.007079   0.01661   0.04706        25       640    0.7705    0.7569     0.825     0.604   0.02173  0.007096   0.02262
   131/199      8.1G   0.02183  0.006962    0.0167   0.04549        31       640    0.7571    0.7763    0.8211    0.6063   0.02132  0.007053   0.02346
   132/199      8.1G   0.02218  0.007135   0.01526   0.04457        30       640    0.7559    0.7861    0.8322    0.6208   0.02133  0.007097   0.02217
   133/199      8.1G   0.02255  0.007159    0.0158   0.04551        34       640    0.7144    0.8141     0.821    0.6067   0.02066  0.006824   0.02301
   134/199      8.1G   0.02325  0.007069   0.01564   0.04596        26       640    0.7681    0.8048     0.826    0.6161   0.02124  0.006863    0.0221
   135/199      8.1G   0.02266  0.007157   0.01474   0.04455        28       640    0.8279    0.7193    0.8147    0.6153   0.02123  0.007169   0.02364
   136/199      8.1G   0.02192  0.007229   0.01583   0.04498        34       640    0.7788    0.7806    0.8182    0.6129   0.02162   0.00706   0.02342
   137/199      8.1G   0.02229  0.006837   0.01503   0.04415        23       640    0.7561    0.7647    0.8151    0.6195   0.02079  0.006963   0.02393
   138/199      8.1G    0.0229  0.007048   0.01557   0.04552        21       640    0.7685    0.7451    0.8119    0.6046   0.02089  0.006874    0.0237
   139/199      8.1G   0.02222  0.007076   0.01421   0.04351        23       640    0.7887    0.7729     0.833    0.6197   0.02123  0.007094   0.02295
   140/199      8.1G   0.02186  0.007185   0.01462   0.04366        30       640    0.7717    0.7496    0.8287    0.6241   0.02129  0.007121   0.02254
   141/199      8.1G   0.02173  0.007055   0.01405   0.04283        25       640    0.7496     0.768    0.8155    0.6058   0.02109   0.00706   0.02364
   142/199      8.1G   0.02252  0.006954   0.01445   0.04393        37       640    0.7546    0.7821    0.8253    0.6202   0.02073  0.006858   0.02295
   143/199      8.1G   0.02224  0.006507   0.01301   0.04176        27       640    0.7813    0.7946    0.8301    0.6187   0.02136  0.007001   0.02227
   144/199      8.1G   0.02103  0.006857   0.01412   0.04201        28       640    0.7963    0.7911    0.8359    0.6311   0.02042  0.006952   0.02192
   145/199      8.1G   0.02188  0.006698   0.01367   0.04225        21       640    0.7868    0.7658    0.8318    0.6309   0.02058  0.006875   0.02201
   146/199      8.1G   0.02154  0.006871   0.01364   0.04205        22       640    0.7778    0.7757    0.8313    0.6332   0.02032  0.006878   0.02197
   147/199      8.1G   0.02112  0.006939   0.01333    0.0414        33       640    0.7663    0.7811    0.8234    0.6261   0.02061  0.006869   0.02366
   148/199      8.1G   0.02123  0.006938   0.01353    0.0417        24       640    0.7471    0.8017    0.8203    0.6161   0.02074  0.007018   0.02285
   149/199      8.1G   0.02132  0.007107   0.01395   0.04237        27       640    0.7572    0.7938    0.8329    0.6258   0.02096  0.007074   0.02203
   150/199      8.1G   0.02004  0.006811   0.01229   0.03914        31       640    0.7783    0.7814    0.8312    0.6396   0.02029    0.0069   0.02225
   151/199      8.1G   0.02041   0.00662   0.01253   0.03956        22       640    0.8299    0.7284    0.8268    0.6355   0.02017  0.006897   0.02367
   152/199      8.1G   0.02017  0.006654   0.01257    0.0394        26       640    0.7414    0.7864    0.8138    0.6156    0.0208  0.007085   0.02361
   153/199      8.1G   0.01975  0.006561   0.01134   0.03765        29       640    0.7793     0.767    0.8183    0.6254   0.02034  0.006977   0.02291
   154/199      8.1G   0.02034  0.006596   0.01146    0.0384        26       640    0.7909    0.7714    0.8265    0.6335   0.02031  0.006889   0.02122
   155/199      8.1G   0.02051  0.006543    0.0103   0.03736        20       640    0.8136    0.7743    0.8271    0.6411    0.0201   0.00686   0.02153
   156/199      8.1G   0.02007   0.00664   0.01158   0.03829        16       640    0.7768    0.8285    0.8357    0.6372   0.01994  0.006802   0.02175
   157/199      8.1G    0.0206  0.006809   0.01159   0.03899        26       640    0.8151    0.7488    0.8388    0.6478   0.01964  0.006643   0.02237
   158/199      8.1G   0.01967  0.006699   0.01152   0.03789        34       640    0.8075    0.7572    0.8306    0.6392   0.01973   0.00665   0.02236
   159/199      8.1G    0.0199   0.00681   0.01176   0.03847        26       640    0.7553    0.7786    0.8232    0.6361   0.01992  0.006869   0.02279
   160/199      8.1G   0.02005  0.006443   0.01131    0.0378        27       640    0.7519    0.7724    0.8109    0.6157   0.02039  0.007083   0.02434
   161/199      8.1G   0.01972    0.0066   0.01234   0.03866        35       640    0.8075    0.7324    0.8212    0.6332   0.01949  0.006823   0.02426
   162/199      8.1G   0.01982  0.006532   0.01163   0.03797        32       640    0.7568    0.8195     0.834    0.6372   0.02027   0.00683    0.0217
   163/199      8.1G   0.01971  0.006487   0.01053   0.03673        20       640    0.8142    0.7797    0.8375    0.6472   0.01994  0.006792   0.02174
   164/199      8.1G   0.02027  0.006452   0.01109   0.03781        23       640     0.763    0.8056    0.8345    0.6292      0.02  0.006769    0.0224
   165/199      8.1G   0.01966  0.006386   0.01156   0.03761        26       640    0.7927    0.7707    0.8377    0.6405   0.01991  0.006769   0.02274
   166/199      8.1G   0.01935  0.006324   0.01191   0.03758        32       640    0.8271    0.7699    0.8394    0.6462   0.01957  0.006758   0.02182
   167/199      8.1G   0.01932  0.006396   0.01054   0.03626        28       640    0.7864    0.7794    0.8365    0.6547   0.01968  0.006948   0.02298
   168/199      8.1G   0.01931  0.006537  0.009833   0.03568        24       640     0.768     0.782    0.8233    0.6384   0.01966  0.006802   0.02246
   169/199      8.1G   0.01931  0.006506   0.01078    0.0366        21       640     0.795    0.7912    0.8391    0.6414   0.01961  0.006725   0.02222
   170/199      8.1G    0.0186  0.006156  0.009821   0.03458        29       640    0.7575    0.8067    0.8312    0.6438   0.01958   0.00672   0.02328
   171/199      8.1G   0.01882  0.006332   0.01006   0.03522        33       640    0.7632    0.8002    0.8217    0.6397   0.01945  0.006829   0.02357
   172/199      8.1G   0.01896  0.006381   0.01036    0.0357        28       640    0.7312    0.8491    0.8232     0.637   0.01971   0.00682   0.02266
   173/199      8.1G   0.01883   0.00652  0.009853    0.0352        27       640    0.7271    0.8381    0.8321    0.6414    0.0194   0.00679    0.0227
   174/199      8.1G   0.01841  0.006349  0.009688   0.03444        31       640    0.7945    0.8009    0.8431    0.6537   0.01926  0.006686   0.02156
   175/199      8.1G   0.01829  0.006267   0.01009   0.03464        35       640    0.8338    0.7633    0.8476    0.6601   0.01922   0.00668   0.02094
   176/199      8.1G    0.0188  0.006242  0.009054    0.0341        31       640    0.8269    0.7327     0.836    0.6482   0.01938  0.006611   0.02262
   177/199      8.1G   0.01871  0.006098  0.009682   0.03449        26       640     0.795    0.7471    0.8355    0.6458   0.01956  0.006767   0.02334
   178/199      8.1G   0.01782  0.006146  0.009054   0.03302        24       640    0.7519    0.8169    0.8307    0.6471   0.01943  0.006836   0.02248
   179/199      8.1G   0.01819   0.00618   0.01031   0.03468        26       640    0.7716     0.795    0.8221    0.6358   0.01914  0.006751   0.02296
   180/199      8.1G   0.01893  0.006363  0.009703   0.03499        23       640    0.7628    0.7925     0.822    0.6371   0.01908  0.006713   0.02311
   181/199      8.1G   0.01875  0.006342   0.00981    0.0349        22       640    0.8101    0.7951    0.8469    0.6609   0.01897  0.006608   0.02167
   182/199      8.1G   0.01816  0.006106   0.00867   0.03293        25       640    0.7373    0.8411    0.8287    0.6431   0.01918  0.006772   0.02307
   183/199      8.1G   0.01797  0.006171  0.009317   0.03345        29       640    0.8148    0.7834    0.8326    0.6434   0.01951   0.00678   0.02263
   184/199      8.1G   0.01813  0.006389  0.009443   0.03396        27       640    0.8236    0.7583    0.8261    0.6359   0.01938  0.006772   0.02309
   185/199      8.1G   0.01837  0.006249  0.009737   0.03435        26       640    0.8036    0.7614    0.8176    0.6462   0.01917  0.006804   0.02333
   186/199      8.1G   0.01773  0.006301  0.008844   0.03288        33       640    0.7968    0.7523    0.8267    0.6465   0.01894  0.006673   0.02354
   187/199      8.1G    0.0178  0.006415  0.009092   0.03331        27       640     0.766    0.7713    0.8155    0.6316   0.01941  0.006851   0.02468
   188/199      8.1G   0.01759  0.006269  0.009798   0.03365        22       640    0.7697    0.7734    0.8284    0.6449    0.0192  0.006613   0.02469
   189/199      8.1G    0.0182  0.006059   0.00951   0.03377        29       640    0.7544    0.7944    0.8345    0.6537   0.01927  0.006673   0.02332
   190/199      8.1G   0.01782  0.006109  0.009123   0.03305        30       640    0.7922    0.7695    0.8207    0.6384   0.01916  0.006544   0.02402
   191/199      8.1G   0.01776  0.006158  0.008923   0.03284        31       640    0.8305    0.7322    0.8322    0.6473   0.01918  0.006577   0.02351
   192/199      8.1G   0.01796  0.006245  0.009837   0.03404        33       640     0.788     0.781    0.8241    0.6377   0.01936  0.006702   0.02369
   193/199      8.1G   0.01775  0.006029  0.008577   0.03235        23       640    0.7846    0.7664    0.8283    0.6451    0.0194  0.006682   0.02497
   194/199      8.1G   0.01793   0.00591  0.009412   0.03325        23       640    0.8273    0.7656    0.8366    0.6473   0.01945  0.006638   0.02275
   195/199      8.1G   0.01776  0.006178  0.008707   0.03265        28       640    0.7812    0.7776    0.8312    0.6451   0.01924  0.006733   0.02392
   196/199      8.1G   0.01855  0.005957    0.0087   0.03321        24       640    0.7671     0.785    0.8161    0.6379   0.01917  0.006722   0.02442
   197/199      8.1G   0.01739  0.006191  0.008933   0.03251        28       640     0.721     0.827    0.8267    0.6532     0.019  0.006698   0.02422
   198/199      8.1G     0.018  0.006202  0.008709   0.03292        23       640    0.7958    0.7939    0.8367     0.657   0.01904   0.00663    0.0232
   199/199      8.1G   0.01756  0.005827  0.008674   0.03206        28       640    0.8147    0.7873    0.8371    0.6517   0.01892  0.006509    0.0224
